//Number of population samples (demes)
50
//Population effective sizes (number of genes 2*diploids)
1400
1400
1400
1400
1400
1400
1400
1400
1400
1400
1400
1400
1400
1400
1400
1400
1400
1400
1400
1400
1400
1400
1400
1400
1400
1400
1400
1400
1400
1400
1400
1400
1400
1400
1400
1400
1400
1400
1400
1400
1400
1400
1400
1400
1400
1400
1400
1400
1400
1400
//Sample sizes (number of genes 2*diploids)
20
0
0
0
0
0
0
0
0
0
0
0
0
0
0
0
0
0
0
0
0
0
0
0
0
0
0
0
0
0
0
0
0
0
0
0
0
0
0
0
0
0
0
0
0
0
0
0
0
0
//Grow rates: negative grow rates implies population expansion
0
0
0
0
0
0
0
0
0
0
0
0
0
0
0
0
0
0
0
0
0
0
0
0
0
0
0
0
0
0
0
0
0
0
0
0
0
0
0
0
0
0
0
0
0
0
0
0
0
0
//Number of migration matrixes
1
//migration matrix
0.0 3.6443e-05 3.6443e-05 3.6443e-05 3.6443e-05 3.6443e-05 3.6443e-05 3.6443e-05 3.6443e-05 3.6443e-05 3.6443e-05 3.6443e-05 3.6443e-05 3.6443e-05 3.6443e-05 3.6443e-05 3.6443e-05 3.6443e-05 3.6443e-05 3.6443e-05 3.6443e-05 3.6443e-05 3.6443e-05 3.6443e-05 3.6443e-05 3.6443e-05 3.6443e-05 3.6443e-05 3.6443e-05 3.6443e-05 3.6443e-05 3.6443e-05 3.6443e-05 3.6443e-05 3.6443e-05 3.6443e-05 3.6443e-05 3.6443e-05 3.6443e-05 3.6443e-05 3.6443e-05 3.6443e-05 3.6443e-05 3.6443e-05 3.6443e-05 3.6443e-05 3.6443e-05 3.6443e-05 3.6443e-05 3.6443e-05 
3.6443e-05 0.0 3.6443e-05 3.6443e-05 3.6443e-05 3.6443e-05 3.6443e-05 3.6443e-05 3.6443e-05 3.6443e-05 3.6443e-05 3.6443e-05 3.6443e-05 3.6443e-05 3.6443e-05 3.6443e-05 3.6443e-05 3.6443e-05 3.6443e-05 3.6443e-05 3.6443e-05 3.6443e-05 3.6443e-05 3.6443e-05 3.6443e-05 3.6443e-05 3.6443e-05 3.6443e-05 3.6443e-05 3.6443e-05 3.6443e-05 3.6443e-05 3.6443e-05 3.6443e-05 3.6443e-05 3.6443e-05 3.6443e-05 3.6443e-05 3.6443e-05 3.6443e-05 3.6443e-05 3.6443e-05 3.6443e-05 3.6443e-05 3.6443e-05 3.6443e-05 3.6443e-05 3.6443e-05 3.6443e-05 3.6443e-05 
3.6443e-05 3.6443e-05 0.0 3.6443e-05 3.6443e-05 3.6443e-05 3.6443e-05 3.6443e-05 3.6443e-05 3.6443e-05 3.6443e-05 3.6443e-05 3.6443e-05 3.6443e-05 3.6443e-05 3.6443e-05 3.6443e-05 3.6443e-05 3.6443e-05 3.6443e-05 3.6443e-05 3.6443e-05 3.6443e-05 3.6443e-05 3.6443e-05 3.6443e-05 3.6443e-05 3.6443e-05 3.6443e-05 3.6443e-05 3.6443e-05 3.6443e-05 3.6443e-05 3.6443e-05 3.6443e-05 3.6443e-05 3.6443e-05 3.6443e-05 3.6443e-05 3.6443e-05 3.6443e-05 3.6443e-05 3.6443e-05 3.6443e-05 3.6443e-05 3.6443e-05 3.6443e-05 3.6443e-05 3.6443e-05 3.6443e-05 
3.6443e-05 3.6443e-05 3.6443e-05 0.0 3.6443e-05 3.6443e-05 3.6443e-05 3.6443e-05 3.6443e-05 3.6443e-05 3.6443e-05 3.6443e-05 3.6443e-05 3.6443e-05 3.6443e-05 3.6443e-05 3.6443e-05 3.6443e-05 3.6443e-05 3.6443e-05 3.6443e-05 3.6443e-05 3.6443e-05 3.6443e-05 3.6443e-05 3.6443e-05 3.6443e-05 3.6443e-05 3.6443e-05 3.6443e-05 3.6443e-05 3.6443e-05 3.6443e-05 3.6443e-05 3.6443e-05 3.6443e-05 3.6443e-05 3.6443e-05 3.6443e-05 3.6443e-05 3.6443e-05 3.6443e-05 3.6443e-05 3.6443e-05 3.6443e-05 3.6443e-05 3.6443e-05 3.6443e-05 3.6443e-05 3.6443e-05 
3.6443e-05 3.6443e-05 3.6443e-05 3.6443e-05 0.0 3.6443e-05 3.6443e-05 3.6443e-05 3.6443e-05 3.6443e-05 3.6443e-05 3.6443e-05 3.6443e-05 3.6443e-05 3.6443e-05 3.6443e-05 3.6443e-05 3.6443e-05 3.6443e-05 3.6443e-05 3.6443e-05 3.6443e-05 3.6443e-05 3.6443e-05 3.6443e-05 3.6443e-05 3.6443e-05 3.6443e-05 3.6443e-05 3.6443e-05 3.6443e-05 3.6443e-05 3.6443e-05 3.6443e-05 3.6443e-05 3.6443e-05 3.6443e-05 3.6443e-05 3.6443e-05 3.6443e-05 3.6443e-05 3.6443e-05 3.6443e-05 3.6443e-05 3.6443e-05 3.6443e-05 3.6443e-05 3.6443e-05 3.6443e-05 3.6443e-05 
3.6443e-05 3.6443e-05 3.6443e-05 3.6443e-05 3.6443e-05 0.0 3.6443e-05 3.6443e-05 3.6443e-05 3.6443e-05 3.6443e-05 3.6443e-05 3.6443e-05 3.6443e-05 3.6443e-05 3.6443e-05 3.6443e-05 3.6443e-05 3.6443e-05 3.6443e-05 3.6443e-05 3.6443e-05 3.6443e-05 3.6443e-05 3.6443e-05 3.6443e-05 3.6443e-05 3.6443e-05 3.6443e-05 3.6443e-05 3.6443e-05 3.6443e-05 3.6443e-05 3.6443e-05 3.6443e-05 3.6443e-05 3.6443e-05 3.6443e-05 3.6443e-05 3.6443e-05 3.6443e-05 3.6443e-05 3.6443e-05 3.6443e-05 3.6443e-05 3.6443e-05 3.6443e-05 3.6443e-05 3.6443e-05 3.6443e-05 
3.6443e-05 3.6443e-05 3.6443e-05 3.6443e-05 3.6443e-05 3.6443e-05 0.0 3.6443e-05 3.6443e-05 3.6443e-05 3.6443e-05 3.6443e-05 3.6443e-05 3.6443e-05 3.6443e-05 3.6443e-05 3.6443e-05 3.6443e-05 3.6443e-05 3.6443e-05 3.6443e-05 3.6443e-05 3.6443e-05 3.6443e-05 3.6443e-05 3.6443e-05 3.6443e-05 3.6443e-05 3.6443e-05 3.6443e-05 3.6443e-05 3.6443e-05 3.6443e-05 3.6443e-05 3.6443e-05 3.6443e-05 3.6443e-05 3.6443e-05 3.6443e-05 3.6443e-05 3.6443e-05 3.6443e-05 3.6443e-05 3.6443e-05 3.6443e-05 3.6443e-05 3.6443e-05 3.6443e-05 3.6443e-05 3.6443e-05 
3.6443e-05 3.6443e-05 3.6443e-05 3.6443e-05 3.6443e-05 3.6443e-05 3.6443e-05 0.0 3.6443e-05 3.6443e-05 3.6443e-05 3.6443e-05 3.6443e-05 3.6443e-05 3.6443e-05 3.6443e-05 3.6443e-05 3.6443e-05 3.6443e-05 3.6443e-05 3.6443e-05 3.6443e-05 3.6443e-05 3.6443e-05 3.6443e-05 3.6443e-05 3.6443e-05 3.6443e-05 3.6443e-05 3.6443e-05 3.6443e-05 3.6443e-05 3.6443e-05 3.6443e-05 3.6443e-05 3.6443e-05 3.6443e-05 3.6443e-05 3.6443e-05 3.6443e-05 3.6443e-05 3.6443e-05 3.6443e-05 3.6443e-05 3.6443e-05 3.6443e-05 3.6443e-05 3.6443e-05 3.6443e-05 3.6443e-05 
3.6443e-05 3.6443e-05 3.6443e-05 3.6443e-05 3.6443e-05 3.6443e-05 3.6443e-05 3.6443e-05 0.0 3.6443e-05 3.6443e-05 3.6443e-05 3.6443e-05 3.6443e-05 3.6443e-05 3.6443e-05 3.6443e-05 3.6443e-05 3.6443e-05 3.6443e-05 3.6443e-05 3.6443e-05 3.6443e-05 3.6443e-05 3.6443e-05 3.6443e-05 3.6443e-05 3.6443e-05 3.6443e-05 3.6443e-05 3.6443e-05 3.6443e-05 3.6443e-05 3.6443e-05 3.6443e-05 3.6443e-05 3.6443e-05 3.6443e-05 3.6443e-05 3.6443e-05 3.6443e-05 3.6443e-05 3.6443e-05 3.6443e-05 3.6443e-05 3.6443e-05 3.6443e-05 3.6443e-05 3.6443e-05 3.6443e-05 
3.6443e-05 3.6443e-05 3.6443e-05 3.6443e-05 3.6443e-05 3.6443e-05 3.6443e-05 3.6443e-05 3.6443e-05 0.0 3.6443e-05 3.6443e-05 3.6443e-05 3.6443e-05 3.6443e-05 3.6443e-05 3.6443e-05 3.6443e-05 3.6443e-05 3.6443e-05 3.6443e-05 3.6443e-05 3.6443e-05 3.6443e-05 3.6443e-05 3.6443e-05 3.6443e-05 3.6443e-05 3.6443e-05 3.6443e-05 3.6443e-05 3.6443e-05 3.6443e-05 3.6443e-05 3.6443e-05 3.6443e-05 3.6443e-05 3.6443e-05 3.6443e-05 3.6443e-05 3.6443e-05 3.6443e-05 3.6443e-05 3.6443e-05 3.6443e-05 3.6443e-05 3.6443e-05 3.6443e-05 3.6443e-05 3.6443e-05 
3.6443e-05 3.6443e-05 3.6443e-05 3.6443e-05 3.6443e-05 3.6443e-05 3.6443e-05 3.6443e-05 3.6443e-05 3.6443e-05 0.0 3.6443e-05 3.6443e-05 3.6443e-05 3.6443e-05 3.6443e-05 3.6443e-05 3.6443e-05 3.6443e-05 3.6443e-05 3.6443e-05 3.6443e-05 3.6443e-05 3.6443e-05 3.6443e-05 3.6443e-05 3.6443e-05 3.6443e-05 3.6443e-05 3.6443e-05 3.6443e-05 3.6443e-05 3.6443e-05 3.6443e-05 3.6443e-05 3.6443e-05 3.6443e-05 3.6443e-05 3.6443e-05 3.6443e-05 3.6443e-05 3.6443e-05 3.6443e-05 3.6443e-05 3.6443e-05 3.6443e-05 3.6443e-05 3.6443e-05 3.6443e-05 3.6443e-05 
3.6443e-05 3.6443e-05 3.6443e-05 3.6443e-05 3.6443e-05 3.6443e-05 3.6443e-05 3.6443e-05 3.6443e-05 3.6443e-05 3.6443e-05 0.0 3.6443e-05 3.6443e-05 3.6443e-05 3.6443e-05 3.6443e-05 3.6443e-05 3.6443e-05 3.6443e-05 3.6443e-05 3.6443e-05 3.6443e-05 3.6443e-05 3.6443e-05 3.6443e-05 3.6443e-05 3.6443e-05 3.6443e-05 3.6443e-05 3.6443e-05 3.6443e-05 3.6443e-05 3.6443e-05 3.6443e-05 3.6443e-05 3.6443e-05 3.6443e-05 3.6443e-05 3.6443e-05 3.6443e-05 3.6443e-05 3.6443e-05 3.6443e-05 3.6443e-05 3.6443e-05 3.6443e-05 3.6443e-05 3.6443e-05 3.6443e-05 
3.6443e-05 3.6443e-05 3.6443e-05 3.6443e-05 3.6443e-05 3.6443e-05 3.6443e-05 3.6443e-05 3.6443e-05 3.6443e-05 3.6443e-05 3.6443e-05 0.0 3.6443e-05 3.6443e-05 3.6443e-05 3.6443e-05 3.6443e-05 3.6443e-05 3.6443e-05 3.6443e-05 3.6443e-05 3.6443e-05 3.6443e-05 3.6443e-05 3.6443e-05 3.6443e-05 3.6443e-05 3.6443e-05 3.6443e-05 3.6443e-05 3.6443e-05 3.6443e-05 3.6443e-05 3.6443e-05 3.6443e-05 3.6443e-05 3.6443e-05 3.6443e-05 3.6443e-05 3.6443e-05 3.6443e-05 3.6443e-05 3.6443e-05 3.6443e-05 3.6443e-05 3.6443e-05 3.6443e-05 3.6443e-05 3.6443e-05 
3.6443e-05 3.6443e-05 3.6443e-05 3.6443e-05 3.6443e-05 3.6443e-05 3.6443e-05 3.6443e-05 3.6443e-05 3.6443e-05 3.6443e-05 3.6443e-05 3.6443e-05 0.0 3.6443e-05 3.6443e-05 3.6443e-05 3.6443e-05 3.6443e-05 3.6443e-05 3.6443e-05 3.6443e-05 3.6443e-05 3.6443e-05 3.6443e-05 3.6443e-05 3.6443e-05 3.6443e-05 3.6443e-05 3.6443e-05 3.6443e-05 3.6443e-05 3.6443e-05 3.6443e-05 3.6443e-05 3.6443e-05 3.6443e-05 3.6443e-05 3.6443e-05 3.6443e-05 3.6443e-05 3.6443e-05 3.6443e-05 3.6443e-05 3.6443e-05 3.6443e-05 3.6443e-05 3.6443e-05 3.6443e-05 3.6443e-05 
3.6443e-05 3.6443e-05 3.6443e-05 3.6443e-05 3.6443e-05 3.6443e-05 3.6443e-05 3.6443e-05 3.6443e-05 3.6443e-05 3.6443e-05 3.6443e-05 3.6443e-05 3.6443e-05 0.0 3.6443e-05 3.6443e-05 3.6443e-05 3.6443e-05 3.6443e-05 3.6443e-05 3.6443e-05 3.6443e-05 3.6443e-05 3.6443e-05 3.6443e-05 3.6443e-05 3.6443e-05 3.6443e-05 3.6443e-05 3.6443e-05 3.6443e-05 3.6443e-05 3.6443e-05 3.6443e-05 3.6443e-05 3.6443e-05 3.6443e-05 3.6443e-05 3.6443e-05 3.6443e-05 3.6443e-05 3.6443e-05 3.6443e-05 3.6443e-05 3.6443e-05 3.6443e-05 3.6443e-05 3.6443e-05 3.6443e-05 
3.6443e-05 3.6443e-05 3.6443e-05 3.6443e-05 3.6443e-05 3.6443e-05 3.6443e-05 3.6443e-05 3.6443e-05 3.6443e-05 3.6443e-05 3.6443e-05 3.6443e-05 3.6443e-05 3.6443e-05 0.0 3.6443e-05 3.6443e-05 3.6443e-05 3.6443e-05 3.6443e-05 3.6443e-05 3.6443e-05 3.6443e-05 3.6443e-05 3.6443e-05 3.6443e-05 3.6443e-05 3.6443e-05 3.6443e-05 3.6443e-05 3.6443e-05 3.6443e-05 3.6443e-05 3.6443e-05 3.6443e-05 3.6443e-05 3.6443e-05 3.6443e-05 3.6443e-05 3.6443e-05 3.6443e-05 3.6443e-05 3.6443e-05 3.6443e-05 3.6443e-05 3.6443e-05 3.6443e-05 3.6443e-05 3.6443e-05 
3.6443e-05 3.6443e-05 3.6443e-05 3.6443e-05 3.6443e-05 3.6443e-05 3.6443e-05 3.6443e-05 3.6443e-05 3.6443e-05 3.6443e-05 3.6443e-05 3.6443e-05 3.6443e-05 3.6443e-05 3.6443e-05 0.0 3.6443e-05 3.6443e-05 3.6443e-05 3.6443e-05 3.6443e-05 3.6443e-05 3.6443e-05 3.6443e-05 3.6443e-05 3.6443e-05 3.6443e-05 3.6443e-05 3.6443e-05 3.6443e-05 3.6443e-05 3.6443e-05 3.6443e-05 3.6443e-05 3.6443e-05 3.6443e-05 3.6443e-05 3.6443e-05 3.6443e-05 3.6443e-05 3.6443e-05 3.6443e-05 3.6443e-05 3.6443e-05 3.6443e-05 3.6443e-05 3.6443e-05 3.6443e-05 3.6443e-05 
3.6443e-05 3.6443e-05 3.6443e-05 3.6443e-05 3.6443e-05 3.6443e-05 3.6443e-05 3.6443e-05 3.6443e-05 3.6443e-05 3.6443e-05 3.6443e-05 3.6443e-05 3.6443e-05 3.6443e-05 3.6443e-05 3.6443e-05 0.0 3.6443e-05 3.6443e-05 3.6443e-05 3.6443e-05 3.6443e-05 3.6443e-05 3.6443e-05 3.6443e-05 3.6443e-05 3.6443e-05 3.6443e-05 3.6443e-05 3.6443e-05 3.6443e-05 3.6443e-05 3.6443e-05 3.6443e-05 3.6443e-05 3.6443e-05 3.6443e-05 3.6443e-05 3.6443e-05 3.6443e-05 3.6443e-05 3.6443e-05 3.6443e-05 3.6443e-05 3.6443e-05 3.6443e-05 3.6443e-05 3.6443e-05 3.6443e-05 
3.6443e-05 3.6443e-05 3.6443e-05 3.6443e-05 3.6443e-05 3.6443e-05 3.6443e-05 3.6443e-05 3.6443e-05 3.6443e-05 3.6443e-05 3.6443e-05 3.6443e-05 3.6443e-05 3.6443e-05 3.6443e-05 3.6443e-05 3.6443e-05 0.0 3.6443e-05 3.6443e-05 3.6443e-05 3.6443e-05 3.6443e-05 3.6443e-05 3.6443e-05 3.6443e-05 3.6443e-05 3.6443e-05 3.6443e-05 3.6443e-05 3.6443e-05 3.6443e-05 3.6443e-05 3.6443e-05 3.6443e-05 3.6443e-05 3.6443e-05 3.6443e-05 3.6443e-05 3.6443e-05 3.6443e-05 3.6443e-05 3.6443e-05 3.6443e-05 3.6443e-05 3.6443e-05 3.6443e-05 3.6443e-05 3.6443e-05 
3.6443e-05 3.6443e-05 3.6443e-05 3.6443e-05 3.6443e-05 3.6443e-05 3.6443e-05 3.6443e-05 3.6443e-05 3.6443e-05 3.6443e-05 3.6443e-05 3.6443e-05 3.6443e-05 3.6443e-05 3.6443e-05 3.6443e-05 3.6443e-05 3.6443e-05 0.0 3.6443e-05 3.6443e-05 3.6443e-05 3.6443e-05 3.6443e-05 3.6443e-05 3.6443e-05 3.6443e-05 3.6443e-05 3.6443e-05 3.6443e-05 3.6443e-05 3.6443e-05 3.6443e-05 3.6443e-05 3.6443e-05 3.6443e-05 3.6443e-05 3.6443e-05 3.6443e-05 3.6443e-05 3.6443e-05 3.6443e-05 3.6443e-05 3.6443e-05 3.6443e-05 3.6443e-05 3.6443e-05 3.6443e-05 3.6443e-05 
3.6443e-05 3.6443e-05 3.6443e-05 3.6443e-05 3.6443e-05 3.6443e-05 3.6443e-05 3.6443e-05 3.6443e-05 3.6443e-05 3.6443e-05 3.6443e-05 3.6443e-05 3.6443e-05 3.6443e-05 3.6443e-05 3.6443e-05 3.6443e-05 3.6443e-05 3.6443e-05 0.0 3.6443e-05 3.6443e-05 3.6443e-05 3.6443e-05 3.6443e-05 3.6443e-05 3.6443e-05 3.6443e-05 3.6443e-05 3.6443e-05 3.6443e-05 3.6443e-05 3.6443e-05 3.6443e-05 3.6443e-05 3.6443e-05 3.6443e-05 3.6443e-05 3.6443e-05 3.6443e-05 3.6443e-05 3.6443e-05 3.6443e-05 3.6443e-05 3.6443e-05 3.6443e-05 3.6443e-05 3.6443e-05 3.6443e-05 
3.6443e-05 3.6443e-05 3.6443e-05 3.6443e-05 3.6443e-05 3.6443e-05 3.6443e-05 3.6443e-05 3.6443e-05 3.6443e-05 3.6443e-05 3.6443e-05 3.6443e-05 3.6443e-05 3.6443e-05 3.6443e-05 3.6443e-05 3.6443e-05 3.6443e-05 3.6443e-05 3.6443e-05 0.0 3.6443e-05 3.6443e-05 3.6443e-05 3.6443e-05 3.6443e-05 3.6443e-05 3.6443e-05 3.6443e-05 3.6443e-05 3.6443e-05 3.6443e-05 3.6443e-05 3.6443e-05 3.6443e-05 3.6443e-05 3.6443e-05 3.6443e-05 3.6443e-05 3.6443e-05 3.6443e-05 3.6443e-05 3.6443e-05 3.6443e-05 3.6443e-05 3.6443e-05 3.6443e-05 3.6443e-05 3.6443e-05 
3.6443e-05 3.6443e-05 3.6443e-05 3.6443e-05 3.6443e-05 3.6443e-05 3.6443e-05 3.6443e-05 3.6443e-05 3.6443e-05 3.6443e-05 3.6443e-05 3.6443e-05 3.6443e-05 3.6443e-05 3.6443e-05 3.6443e-05 3.6443e-05 3.6443e-05 3.6443e-05 3.6443e-05 3.6443e-05 0.0 3.6443e-05 3.6443e-05 3.6443e-05 3.6443e-05 3.6443e-05 3.6443e-05 3.6443e-05 3.6443e-05 3.6443e-05 3.6443e-05 3.6443e-05 3.6443e-05 3.6443e-05 3.6443e-05 3.6443e-05 3.6443e-05 3.6443e-05 3.6443e-05 3.6443e-05 3.6443e-05 3.6443e-05 3.6443e-05 3.6443e-05 3.6443e-05 3.6443e-05 3.6443e-05 3.6443e-05 
3.6443e-05 3.6443e-05 3.6443e-05 3.6443e-05 3.6443e-05 3.6443e-05 3.6443e-05 3.6443e-05 3.6443e-05 3.6443e-05 3.6443e-05 3.6443e-05 3.6443e-05 3.6443e-05 3.6443e-05 3.6443e-05 3.6443e-05 3.6443e-05 3.6443e-05 3.6443e-05 3.6443e-05 3.6443e-05 3.6443e-05 0.0 3.6443e-05 3.6443e-05 3.6443e-05 3.6443e-05 3.6443e-05 3.6443e-05 3.6443e-05 3.6443e-05 3.6443e-05 3.6443e-05 3.6443e-05 3.6443e-05 3.6443e-05 3.6443e-05 3.6443e-05 3.6443e-05 3.6443e-05 3.6443e-05 3.6443e-05 3.6443e-05 3.6443e-05 3.6443e-05 3.6443e-05 3.6443e-05 3.6443e-05 3.6443e-05 
3.6443e-05 3.6443e-05 3.6443e-05 3.6443e-05 3.6443e-05 3.6443e-05 3.6443e-05 3.6443e-05 3.6443e-05 3.6443e-05 3.6443e-05 3.6443e-05 3.6443e-05 3.6443e-05 3.6443e-05 3.6443e-05 3.6443e-05 3.6443e-05 3.6443e-05 3.6443e-05 3.6443e-05 3.6443e-05 3.6443e-05 3.6443e-05 0.0 3.6443e-05 3.6443e-05 3.6443e-05 3.6443e-05 3.6443e-05 3.6443e-05 3.6443e-05 3.6443e-05 3.6443e-05 3.6443e-05 3.6443e-05 3.6443e-05 3.6443e-05 3.6443e-05 3.6443e-05 3.6443e-05 3.6443e-05 3.6443e-05 3.6443e-05 3.6443e-05 3.6443e-05 3.6443e-05 3.6443e-05 3.6443e-05 3.6443e-05 
3.6443e-05 3.6443e-05 3.6443e-05 3.6443e-05 3.6443e-05 3.6443e-05 3.6443e-05 3.6443e-05 3.6443e-05 3.6443e-05 3.6443e-05 3.6443e-05 3.6443e-05 3.6443e-05 3.6443e-05 3.6443e-05 3.6443e-05 3.6443e-05 3.6443e-05 3.6443e-05 3.6443e-05 3.6443e-05 3.6443e-05 3.6443e-05 3.6443e-05 0.0 3.6443e-05 3.6443e-05 3.6443e-05 3.6443e-05 3.6443e-05 3.6443e-05 3.6443e-05 3.6443e-05 3.6443e-05 3.6443e-05 3.6443e-05 3.6443e-05 3.6443e-05 3.6443e-05 3.6443e-05 3.6443e-05 3.6443e-05 3.6443e-05 3.6443e-05 3.6443e-05 3.6443e-05 3.6443e-05 3.6443e-05 3.6443e-05 
3.6443e-05 3.6443e-05 3.6443e-05 3.6443e-05 3.6443e-05 3.6443e-05 3.6443e-05 3.6443e-05 3.6443e-05 3.6443e-05 3.6443e-05 3.6443e-05 3.6443e-05 3.6443e-05 3.6443e-05 3.6443e-05 3.6443e-05 3.6443e-05 3.6443e-05 3.6443e-05 3.6443e-05 3.6443e-05 3.6443e-05 3.6443e-05 3.6443e-05 3.6443e-05 0.0 3.6443e-05 3.6443e-05 3.6443e-05 3.6443e-05 3.6443e-05 3.6443e-05 3.6443e-05 3.6443e-05 3.6443e-05 3.6443e-05 3.6443e-05 3.6443e-05 3.6443e-05 3.6443e-05 3.6443e-05 3.6443e-05 3.6443e-05 3.6443e-05 3.6443e-05 3.6443e-05 3.6443e-05 3.6443e-05 3.6443e-05 
3.6443e-05 3.6443e-05 3.6443e-05 3.6443e-05 3.6443e-05 3.6443e-05 3.6443e-05 3.6443e-05 3.6443e-05 3.6443e-05 3.6443e-05 3.6443e-05 3.6443e-05 3.6443e-05 3.6443e-05 3.6443e-05 3.6443e-05 3.6443e-05 3.6443e-05 3.6443e-05 3.6443e-05 3.6443e-05 3.6443e-05 3.6443e-05 3.6443e-05 3.6443e-05 3.6443e-05 0.0 3.6443e-05 3.6443e-05 3.6443e-05 3.6443e-05 3.6443e-05 3.6443e-05 3.6443e-05 3.6443e-05 3.6443e-05 3.6443e-05 3.6443e-05 3.6443e-05 3.6443e-05 3.6443e-05 3.6443e-05 3.6443e-05 3.6443e-05 3.6443e-05 3.6443e-05 3.6443e-05 3.6443e-05 3.6443e-05 
3.6443e-05 3.6443e-05 3.6443e-05 3.6443e-05 3.6443e-05 3.6443e-05 3.6443e-05 3.6443e-05 3.6443e-05 3.6443e-05 3.6443e-05 3.6443e-05 3.6443e-05 3.6443e-05 3.6443e-05 3.6443e-05 3.6443e-05 3.6443e-05 3.6443e-05 3.6443e-05 3.6443e-05 3.6443e-05 3.6443e-05 3.6443e-05 3.6443e-05 3.6443e-05 3.6443e-05 3.6443e-05 0.0 3.6443e-05 3.6443e-05 3.6443e-05 3.6443e-05 3.6443e-05 3.6443e-05 3.6443e-05 3.6443e-05 3.6443e-05 3.6443e-05 3.6443e-05 3.6443e-05 3.6443e-05 3.6443e-05 3.6443e-05 3.6443e-05 3.6443e-05 3.6443e-05 3.6443e-05 3.6443e-05 3.6443e-05 
3.6443e-05 3.6443e-05 3.6443e-05 3.6443e-05 3.6443e-05 3.6443e-05 3.6443e-05 3.6443e-05 3.6443e-05 3.6443e-05 3.6443e-05 3.6443e-05 3.6443e-05 3.6443e-05 3.6443e-05 3.6443e-05 3.6443e-05 3.6443e-05 3.6443e-05 3.6443e-05 3.6443e-05 3.6443e-05 3.6443e-05 3.6443e-05 3.6443e-05 3.6443e-05 3.6443e-05 3.6443e-05 3.6443e-05 0.0 3.6443e-05 3.6443e-05 3.6443e-05 3.6443e-05 3.6443e-05 3.6443e-05 3.6443e-05 3.6443e-05 3.6443e-05 3.6443e-05 3.6443e-05 3.6443e-05 3.6443e-05 3.6443e-05 3.6443e-05 3.6443e-05 3.6443e-05 3.6443e-05 3.6443e-05 3.6443e-05 
3.6443e-05 3.6443e-05 3.6443e-05 3.6443e-05 3.6443e-05 3.6443e-05 3.6443e-05 3.6443e-05 3.6443e-05 3.6443e-05 3.6443e-05 3.6443e-05 3.6443e-05 3.6443e-05 3.6443e-05 3.6443e-05 3.6443e-05 3.6443e-05 3.6443e-05 3.6443e-05 3.6443e-05 3.6443e-05 3.6443e-05 3.6443e-05 3.6443e-05 3.6443e-05 3.6443e-05 3.6443e-05 3.6443e-05 3.6443e-05 0.0 3.6443e-05 3.6443e-05 3.6443e-05 3.6443e-05 3.6443e-05 3.6443e-05 3.6443e-05 3.6443e-05 3.6443e-05 3.6443e-05 3.6443e-05 3.6443e-05 3.6443e-05 3.6443e-05 3.6443e-05 3.6443e-05 3.6443e-05 3.6443e-05 3.6443e-05 
3.6443e-05 3.6443e-05 3.6443e-05 3.6443e-05 3.6443e-05 3.6443e-05 3.6443e-05 3.6443e-05 3.6443e-05 3.6443e-05 3.6443e-05 3.6443e-05 3.6443e-05 3.6443e-05 3.6443e-05 3.6443e-05 3.6443e-05 3.6443e-05 3.6443e-05 3.6443e-05 3.6443e-05 3.6443e-05 3.6443e-05 3.6443e-05 3.6443e-05 3.6443e-05 3.6443e-05 3.6443e-05 3.6443e-05 3.6443e-05 3.6443e-05 0.0 3.6443e-05 3.6443e-05 3.6443e-05 3.6443e-05 3.6443e-05 3.6443e-05 3.6443e-05 3.6443e-05 3.6443e-05 3.6443e-05 3.6443e-05 3.6443e-05 3.6443e-05 3.6443e-05 3.6443e-05 3.6443e-05 3.6443e-05 3.6443e-05 
3.6443e-05 3.6443e-05 3.6443e-05 3.6443e-05 3.6443e-05 3.6443e-05 3.6443e-05 3.6443e-05 3.6443e-05 3.6443e-05 3.6443e-05 3.6443e-05 3.6443e-05 3.6443e-05 3.6443e-05 3.6443e-05 3.6443e-05 3.6443e-05 3.6443e-05 3.6443e-05 3.6443e-05 3.6443e-05 3.6443e-05 3.6443e-05 3.6443e-05 3.6443e-05 3.6443e-05 3.6443e-05 3.6443e-05 3.6443e-05 3.6443e-05 3.6443e-05 0.0 3.6443e-05 3.6443e-05 3.6443e-05 3.6443e-05 3.6443e-05 3.6443e-05 3.6443e-05 3.6443e-05 3.6443e-05 3.6443e-05 3.6443e-05 3.6443e-05 3.6443e-05 3.6443e-05 3.6443e-05 3.6443e-05 3.6443e-05 
3.6443e-05 3.6443e-05 3.6443e-05 3.6443e-05 3.6443e-05 3.6443e-05 3.6443e-05 3.6443e-05 3.6443e-05 3.6443e-05 3.6443e-05 3.6443e-05 3.6443e-05 3.6443e-05 3.6443e-05 3.6443e-05 3.6443e-05 3.6443e-05 3.6443e-05 3.6443e-05 3.6443e-05 3.6443e-05 3.6443e-05 3.6443e-05 3.6443e-05 3.6443e-05 3.6443e-05 3.6443e-05 3.6443e-05 3.6443e-05 3.6443e-05 3.6443e-05 3.6443e-05 0.0 3.6443e-05 3.6443e-05 3.6443e-05 3.6443e-05 3.6443e-05 3.6443e-05 3.6443e-05 3.6443e-05 3.6443e-05 3.6443e-05 3.6443e-05 3.6443e-05 3.6443e-05 3.6443e-05 3.6443e-05 3.6443e-05 
3.6443e-05 3.6443e-05 3.6443e-05 3.6443e-05 3.6443e-05 3.6443e-05 3.6443e-05 3.6443e-05 3.6443e-05 3.6443e-05 3.6443e-05 3.6443e-05 3.6443e-05 3.6443e-05 3.6443e-05 3.6443e-05 3.6443e-05 3.6443e-05 3.6443e-05 3.6443e-05 3.6443e-05 3.6443e-05 3.6443e-05 3.6443e-05 3.6443e-05 3.6443e-05 3.6443e-05 3.6443e-05 3.6443e-05 3.6443e-05 3.6443e-05 3.6443e-05 3.6443e-05 3.6443e-05 0.0 3.6443e-05 3.6443e-05 3.6443e-05 3.6443e-05 3.6443e-05 3.6443e-05 3.6443e-05 3.6443e-05 3.6443e-05 3.6443e-05 3.6443e-05 3.6443e-05 3.6443e-05 3.6443e-05 3.6443e-05 
3.6443e-05 3.6443e-05 3.6443e-05 3.6443e-05 3.6443e-05 3.6443e-05 3.6443e-05 3.6443e-05 3.6443e-05 3.6443e-05 3.6443e-05 3.6443e-05 3.6443e-05 3.6443e-05 3.6443e-05 3.6443e-05 3.6443e-05 3.6443e-05 3.6443e-05 3.6443e-05 3.6443e-05 3.6443e-05 3.6443e-05 3.6443e-05 3.6443e-05 3.6443e-05 3.6443e-05 3.6443e-05 3.6443e-05 3.6443e-05 3.6443e-05 3.6443e-05 3.6443e-05 3.6443e-05 3.6443e-05 0.0 3.6443e-05 3.6443e-05 3.6443e-05 3.6443e-05 3.6443e-05 3.6443e-05 3.6443e-05 3.6443e-05 3.6443e-05 3.6443e-05 3.6443e-05 3.6443e-05 3.6443e-05 3.6443e-05 
3.6443e-05 3.6443e-05 3.6443e-05 3.6443e-05 3.6443e-05 3.6443e-05 3.6443e-05 3.6443e-05 3.6443e-05 3.6443e-05 3.6443e-05 3.6443e-05 3.6443e-05 3.6443e-05 3.6443e-05 3.6443e-05 3.6443e-05 3.6443e-05 3.6443e-05 3.6443e-05 3.6443e-05 3.6443e-05 3.6443e-05 3.6443e-05 3.6443e-05 3.6443e-05 3.6443e-05 3.6443e-05 3.6443e-05 3.6443e-05 3.6443e-05 3.6443e-05 3.6443e-05 3.6443e-05 3.6443e-05 3.6443e-05 0.0 3.6443e-05 3.6443e-05 3.6443e-05 3.6443e-05 3.6443e-05 3.6443e-05 3.6443e-05 3.6443e-05 3.6443e-05 3.6443e-05 3.6443e-05 3.6443e-05 3.6443e-05 
3.6443e-05 3.6443e-05 3.6443e-05 3.6443e-05 3.6443e-05 3.6443e-05 3.6443e-05 3.6443e-05 3.6443e-05 3.6443e-05 3.6443e-05 3.6443e-05 3.6443e-05 3.6443e-05 3.6443e-05 3.6443e-05 3.6443e-05 3.6443e-05 3.6443e-05 3.6443e-05 3.6443e-05 3.6443e-05 3.6443e-05 3.6443e-05 3.6443e-05 3.6443e-05 3.6443e-05 3.6443e-05 3.6443e-05 3.6443e-05 3.6443e-05 3.6443e-05 3.6443e-05 3.6443e-05 3.6443e-05 3.6443e-05 3.6443e-05 0.0 3.6443e-05 3.6443e-05 3.6443e-05 3.6443e-05 3.6443e-05 3.6443e-05 3.6443e-05 3.6443e-05 3.6443e-05 3.6443e-05 3.6443e-05 3.6443e-05 
3.6443e-05 3.6443e-05 3.6443e-05 3.6443e-05 3.6443e-05 3.6443e-05 3.6443e-05 3.6443e-05 3.6443e-05 3.6443e-05 3.6443e-05 3.6443e-05 3.6443e-05 3.6443e-05 3.6443e-05 3.6443e-05 3.6443e-05 3.6443e-05 3.6443e-05 3.6443e-05 3.6443e-05 3.6443e-05 3.6443e-05 3.6443e-05 3.6443e-05 3.6443e-05 3.6443e-05 3.6443e-05 3.6443e-05 3.6443e-05 3.6443e-05 3.6443e-05 3.6443e-05 3.6443e-05 3.6443e-05 3.6443e-05 3.6443e-05 3.6443e-05 0.0 3.6443e-05 3.6443e-05 3.6443e-05 3.6443e-05 3.6443e-05 3.6443e-05 3.6443e-05 3.6443e-05 3.6443e-05 3.6443e-05 3.6443e-05 
3.6443e-05 3.6443e-05 3.6443e-05 3.6443e-05 3.6443e-05 3.6443e-05 3.6443e-05 3.6443e-05 3.6443e-05 3.6443e-05 3.6443e-05 3.6443e-05 3.6443e-05 3.6443e-05 3.6443e-05 3.6443e-05 3.6443e-05 3.6443e-05 3.6443e-05 3.6443e-05 3.6443e-05 3.6443e-05 3.6443e-05 3.6443e-05 3.6443e-05 3.6443e-05 3.6443e-05 3.6443e-05 3.6443e-05 3.6443e-05 3.6443e-05 3.6443e-05 3.6443e-05 3.6443e-05 3.6443e-05 3.6443e-05 3.6443e-05 3.6443e-05 3.6443e-05 0.0 3.6443e-05 3.6443e-05 3.6443e-05 3.6443e-05 3.6443e-05 3.6443e-05 3.6443e-05 3.6443e-05 3.6443e-05 3.6443e-05 
3.6443e-05 3.6443e-05 3.6443e-05 3.6443e-05 3.6443e-05 3.6443e-05 3.6443e-05 3.6443e-05 3.6443e-05 3.6443e-05 3.6443e-05 3.6443e-05 3.6443e-05 3.6443e-05 3.6443e-05 3.6443e-05 3.6443e-05 3.6443e-05 3.6443e-05 3.6443e-05 3.6443e-05 3.6443e-05 3.6443e-05 3.6443e-05 3.6443e-05 3.6443e-05 3.6443e-05 3.6443e-05 3.6443e-05 3.6443e-05 3.6443e-05 3.6443e-05 3.6443e-05 3.6443e-05 3.6443e-05 3.6443e-05 3.6443e-05 3.6443e-05 3.6443e-05 3.6443e-05 0.0 3.6443e-05 3.6443e-05 3.6443e-05 3.6443e-05 3.6443e-05 3.6443e-05 3.6443e-05 3.6443e-05 3.6443e-05 
3.6443e-05 3.6443e-05 3.6443e-05 3.6443e-05 3.6443e-05 3.6443e-05 3.6443e-05 3.6443e-05 3.6443e-05 3.6443e-05 3.6443e-05 3.6443e-05 3.6443e-05 3.6443e-05 3.6443e-05 3.6443e-05 3.6443e-05 3.6443e-05 3.6443e-05 3.6443e-05 3.6443e-05 3.6443e-05 3.6443e-05 3.6443e-05 3.6443e-05 3.6443e-05 3.6443e-05 3.6443e-05 3.6443e-05 3.6443e-05 3.6443e-05 3.6443e-05 3.6443e-05 3.6443e-05 3.6443e-05 3.6443e-05 3.6443e-05 3.6443e-05 3.6443e-05 3.6443e-05 3.6443e-05 0.0 3.6443e-05 3.6443e-05 3.6443e-05 3.6443e-05 3.6443e-05 3.6443e-05 3.6443e-05 3.6443e-05 
3.6443e-05 3.6443e-05 3.6443e-05 3.6443e-05 3.6443e-05 3.6443e-05 3.6443e-05 3.6443e-05 3.6443e-05 3.6443e-05 3.6443e-05 3.6443e-05 3.6443e-05 3.6443e-05 3.6443e-05 3.6443e-05 3.6443e-05 3.6443e-05 3.6443e-05 3.6443e-05 3.6443e-05 3.6443e-05 3.6443e-05 3.6443e-05 3.6443e-05 3.6443e-05 3.6443e-05 3.6443e-05 3.6443e-05 3.6443e-05 3.6443e-05 3.6443e-05 3.6443e-05 3.6443e-05 3.6443e-05 3.6443e-05 3.6443e-05 3.6443e-05 3.6443e-05 3.6443e-05 3.6443e-05 3.6443e-05 0.0 3.6443e-05 3.6443e-05 3.6443e-05 3.6443e-05 3.6443e-05 3.6443e-05 3.6443e-05 
3.6443e-05 3.6443e-05 3.6443e-05 3.6443e-05 3.6443e-05 3.6443e-05 3.6443e-05 3.6443e-05 3.6443e-05 3.6443e-05 3.6443e-05 3.6443e-05 3.6443e-05 3.6443e-05 3.6443e-05 3.6443e-05 3.6443e-05 3.6443e-05 3.6443e-05 3.6443e-05 3.6443e-05 3.6443e-05 3.6443e-05 3.6443e-05 3.6443e-05 3.6443e-05 3.6443e-05 3.6443e-05 3.6443e-05 3.6443e-05 3.6443e-05 3.6443e-05 3.6443e-05 3.6443e-05 3.6443e-05 3.6443e-05 3.6443e-05 3.6443e-05 3.6443e-05 3.6443e-05 3.6443e-05 3.6443e-05 3.6443e-05 0.0 3.6443e-05 3.6443e-05 3.6443e-05 3.6443e-05 3.6443e-05 3.6443e-05 
3.6443e-05 3.6443e-05 3.6443e-05 3.6443e-05 3.6443e-05 3.6443e-05 3.6443e-05 3.6443e-05 3.6443e-05 3.6443e-05 3.6443e-05 3.6443e-05 3.6443e-05 3.6443e-05 3.6443e-05 3.6443e-05 3.6443e-05 3.6443e-05 3.6443e-05 3.6443e-05 3.6443e-05 3.6443e-05 3.6443e-05 3.6443e-05 3.6443e-05 3.6443e-05 3.6443e-05 3.6443e-05 3.6443e-05 3.6443e-05 3.6443e-05 3.6443e-05 3.6443e-05 3.6443e-05 3.6443e-05 3.6443e-05 3.6443e-05 3.6443e-05 3.6443e-05 3.6443e-05 3.6443e-05 3.6443e-05 3.6443e-05 3.6443e-05 0.0 3.6443e-05 3.6443e-05 3.6443e-05 3.6443e-05 3.6443e-05 
3.6443e-05 3.6443e-05 3.6443e-05 3.6443e-05 3.6443e-05 3.6443e-05 3.6443e-05 3.6443e-05 3.6443e-05 3.6443e-05 3.6443e-05 3.6443e-05 3.6443e-05 3.6443e-05 3.6443e-05 3.6443e-05 3.6443e-05 3.6443e-05 3.6443e-05 3.6443e-05 3.6443e-05 3.6443e-05 3.6443e-05 3.6443e-05 3.6443e-05 3.6443e-05 3.6443e-05 3.6443e-05 3.6443e-05 3.6443e-05 3.6443e-05 3.6443e-05 3.6443e-05 3.6443e-05 3.6443e-05 3.6443e-05 3.6443e-05 3.6443e-05 3.6443e-05 3.6443e-05 3.6443e-05 3.6443e-05 3.6443e-05 3.6443e-05 3.6443e-05 0.0 3.6443e-05 3.6443e-05 3.6443e-05 3.6443e-05 
3.6443e-05 3.6443e-05 3.6443e-05 3.6443e-05 3.6443e-05 3.6443e-05 3.6443e-05 3.6443e-05 3.6443e-05 3.6443e-05 3.6443e-05 3.6443e-05 3.6443e-05 3.6443e-05 3.6443e-05 3.6443e-05 3.6443e-05 3.6443e-05 3.6443e-05 3.6443e-05 3.6443e-05 3.6443e-05 3.6443e-05 3.6443e-05 3.6443e-05 3.6443e-05 3.6443e-05 3.6443e-05 3.6443e-05 3.6443e-05 3.6443e-05 3.6443e-05 3.6443e-05 3.6443e-05 3.6443e-05 3.6443e-05 3.6443e-05 3.6443e-05 3.6443e-05 3.6443e-05 3.6443e-05 3.6443e-05 3.6443e-05 3.6443e-05 3.6443e-05 3.6443e-05 0.0 3.6443e-05 3.6443e-05 3.6443e-05 
3.6443e-05 3.6443e-05 3.6443e-05 3.6443e-05 3.6443e-05 3.6443e-05 3.6443e-05 3.6443e-05 3.6443e-05 3.6443e-05 3.6443e-05 3.6443e-05 3.6443e-05 3.6443e-05 3.6443e-05 3.6443e-05 3.6443e-05 3.6443e-05 3.6443e-05 3.6443e-05 3.6443e-05 3.6443e-05 3.6443e-05 3.6443e-05 3.6443e-05 3.6443e-05 3.6443e-05 3.6443e-05 3.6443e-05 3.6443e-05 3.6443e-05 3.6443e-05 3.6443e-05 3.6443e-05 3.6443e-05 3.6443e-05 3.6443e-05 3.6443e-05 3.6443e-05 3.6443e-05 3.6443e-05 3.6443e-05 3.6443e-05 3.6443e-05 3.6443e-05 3.6443e-05 3.6443e-05 0.0 3.6443e-05 3.6443e-05 
3.6443e-05 3.6443e-05 3.6443e-05 3.6443e-05 3.6443e-05 3.6443e-05 3.6443e-05 3.6443e-05 3.6443e-05 3.6443e-05 3.6443e-05 3.6443e-05 3.6443e-05 3.6443e-05 3.6443e-05 3.6443e-05 3.6443e-05 3.6443e-05 3.6443e-05 3.6443e-05 3.6443e-05 3.6443e-05 3.6443e-05 3.6443e-05 3.6443e-05 3.6443e-05 3.6443e-05 3.6443e-05 3.6443e-05 3.6443e-05 3.6443e-05 3.6443e-05 3.6443e-05 3.6443e-05 3.6443e-05 3.6443e-05 3.6443e-05 3.6443e-05 3.6443e-05 3.6443e-05 3.6443e-05 3.6443e-05 3.6443e-05 3.6443e-05 3.6443e-05 3.6443e-05 3.6443e-05 3.6443e-05 0.0 3.6443e-05 
3.6443e-05 3.6443e-05 3.6443e-05 3.6443e-05 3.6443e-05 3.6443e-05 3.6443e-05 3.6443e-05 3.6443e-05 3.6443e-05 3.6443e-05 3.6443e-05 3.6443e-05 3.6443e-05 3.6443e-05 3.6443e-05 3.6443e-05 3.6443e-05 3.6443e-05 3.6443e-05 3.6443e-05 3.6443e-05 3.6443e-05 3.6443e-05 3.6443e-05 3.6443e-05 3.6443e-05 3.6443e-05 3.6443e-05 3.6443e-05 3.6443e-05 3.6443e-05 3.6443e-05 3.6443e-05 3.6443e-05 3.6443e-05 3.6443e-05 3.6443e-05 3.6443e-05 3.6443e-05 3.6443e-05 3.6443e-05 3.6443e-05 3.6443e-05 3.6443e-05 3.6443e-05 3.6443e-05 3.6443e-05 3.6443e-05 0.0 
//historical event: time, source, sink, migrants, new deme size, new growth rate, migration matrix index
0 events
//Number of independent loci [chromosome] (Number of sequences of 300 bp per gamete)
5 0
//Chromosome structure 1 begins with number of loci
1
//per block: data type, number of loci, per generation recombination and mutation rates and optional parameters
DNA  100000000 1e-08 1e-08
//Chromosome structure 1 begins with number of loci
1
//per block: data type, number of loci, per generation recombination and mutation rates and optional parameters
DNA  100000000 1e-08 1e-08
//Chromosome structure 1 begins with number of loci
1
//per block: data type, number of loci, per generation recombination and mutation rates and optional parameters
DNA  100000000 1e-08 1e-08
//Chromosome structure 1 begins with number of loci
1
//per block: data type, number of loci, per generation recombination and mutation rates and optional parameters
DNA  100000000 1e-08 1e-08
//Chromosome structure 1 begins with number of loci
1
//per block: data type, number of loci, per generation recombination and mutation rates and optional parameters
DNA  100000000 1e-08 1e-08
